image: /home/brazo/workspace/rafi_ws/src/mapping/maps_hub/3506L2_2048_20.pgm
resolution: 0.020000
origin: [-20.480009, -20.480009, 0.000000]
negate: 0
occupied_thresh: 0.65
free_thresh: 0.196

