image: /home/brazo/workspace/rafi_ws/src/mapping/maps_hub/3506L2_2048_35.pgm
resolution: 0.035000
origin: [-17.920017, -17.920017, 0.000000]
negate: 0
occupied_thresh: 0.65
free_thresh: 0.196

